0
100
60
80
60
140
95
85
80
98
165
180
0
100
185
246
150
265
165
260
180
277
260
305
0
60
185
60
80
80
95
70
150
92
120
120
0
80
246
60
100
140
115
135
198
65
180
99
0
60
150
80
100
160
75
156
100
172
170
135
0
140
265
80
140
160
175
150
230
172
200
200
0
95
165
95
115
75
175
168
155
185
175
215
0
85
260
70
135
156
150
160
213
55
55
63
0
80
180
150
198
100
230
155
213
180
220
270
0
98
277
92
65
172
172
185
55
180
65
85
0
165
260
120
180
170
200
175
55
220
65
106
0
180
305
120
99
135
200
215
63
270
85
106
